1 548 1150 121.905 121.905 0 1 1 1 1 0.75 0.5 1 0.75 0
1 576 1094 256 256 0 1 1 1 1 0.375 0 0.75 0.75 0
1 604 1150 121.905 121.905 0 1 1 1 1 0.75 0.5 1 0.75 0
1 548 1150 121.905 121.905 0 1 1 1 1 0.75 0.25 1 0.5 0
1 576 1094 256 256 0 1 1 1 1 0 0 0.375 0.75 0
1 591.36 1081.2 102.4 102.4 0 1 1 1 1 0.625 0.75 0.75 1 0
1 624.64 1081.2 102.4 102.4 0 1 1 1 1 0.625 0.75 0.75 1 1
1 604 1150 121.905 121.905 0 1 1 1 1 0.75 0.25 1 0.5 0
1 1442.72 1150 121.905 121.905 0 1 1 1 1 0.75 0.5 1 0.75 0
1 1470.72 1094 256 256 0 1 1 1 1 0.375 0 0.75 0.75 0
1 1498.72 1150 121.905 121.905 0 1 1 1 1 0.75 0.5 1 0.75 0
1 1442.72 1150 121.905 121.905 0 1 1 1 1 0.75 0.25 1 0.5 0
1 1470.72 1094 256 256 0 1 1 1 1 0 0 0.375 0.75 0
1 1486.08 1081.2 102.4 102.4 0 1 1 1 1 0.625 0.75 0.75 1 0
1 1519.36 1081.2 102.4 102.4 0 1 1 1 1 0.625 0.75 0.75 1 1
1 1498.72 1150 121.905 121.905 0 1 1 1 1 0.75 0.25 1 0.5 0
1 2337.44 1150 121.905 121.905 0 1 1 1 1 0.75 0.5 1 0.75 0
1 2365.44 1094 256 256 0 1 1 1 1 0.375 0 0.75 0.75 0
1 2393.44 1150 121.905 121.905 0 1 1 1 1 0.75 0.5 1 0.75 0
1 2337.44 1150 121.905 121.905 0 1 1 1 1 0.75 0.25 1 0.5 0
1 2365.44 1094 256 256 0 1 1 1 1 0 0 0.375 0.75 0
1 2380.8 1081.2 102.4 102.4 0 1 1 1 1 0.625 0.75 0.75 1 0
1 2414.08 1081.2 102.4 102.4 0 1 1 1 1 0.625 0.75 0.75 1 1
1 2393.44 1150 121.905 121.905 0 1 1 1 1 0.75 0.25 1 0.5 0
1 3236 1150 121.905 121.905 0 1 1 1 1 0.75 0.5 1 0.75 0
1 3264 1094 256 256 0 1 1 1 1 0.375 0 0.75 0.75 0
1 3292 1150 121.905 121.905 0 1 1 1 1 0.75 0.5 1 0.75 0
1 3236 1150 121.905 121.905 0 1 1 1 1 0.75 0.25 1 0.5 0
1 3264 1094 256 256 0 1 1 1 1 0 0 0.375 0.75 0
1 3279.36 1081.2 102.4 102.4 0 1 1 1 1 0.625 0.75 0.75 1 0
1 3312.64 1081.2 102.4 102.4 0 1 1 1 1 0.625 0.75 0.75 1 1
1 3292 1150 121.905 121.905 0 1 1 1 1 0.75 0.25 1 0.5 0
2 576 979.6 76.8 76.8 0.356905 1 1 1 1 0.5 0 0.75 0.25 0
2 1470.72 928.4 179.2 179.2 0.515214 1 1 1 1 0.25 0 0.5 0.25 0
2 2365.44 890 256 256 0.0738904 1 1 1 1 0.75 0.25 1 0.5 0
2 3264 890 256 256 0 1 1 1 1 0.75 0.75 1 1 0
